(* Content-type: application/vnd.wolfram.mathematica *)

(*** Wolfram Notebook File ***)
(* http://www.wolfram.com/nb *)

(* CreatedBy='Mathematica 14.0' *)

(*CacheID: 234*)
(* Internal cache information:
NotebookFileLineBreakTest
NotebookFileLineBreakTest
NotebookDataPosition[       158,          7]
NotebookDataLength[    138674,       2209]
NotebookOptionsPosition[    137301,       2178]
NotebookOutlinePosition[    137752,       2196]
CellTagsIndexPosition[    137709,       2193]
WindowFrame->Normal*)

(* Beginning of Notebook Content *)
Notebook[{

Cell[CellGroupData[{
Cell[BoxData[{
 RowBox[{"SetDirectory", "[", 
  RowBox[{"NotebookDirectory", "[", "]"}], "]"}], "\[IndentingNewLine]", 
 RowBox[{
  RowBox[{
   RowBox[{"U", "[", 
    RowBox[{"x_", ",", " ", "y_"}], "]"}], ":=", 
   RowBox[{
    SuperscriptBox["y", "2"], "+", 
    SuperscriptBox["x", "2"]}]}], ";"}], "\[IndentingNewLine]", 
 RowBox[{
  RowBox[{"hx", " ", "=", " ", "0.025"}], ";"}], "\[IndentingNewLine]", 
 RowBox[{
  RowBox[{"hy", " ", "=", " ", "0.025"}], ";"}], "\[IndentingNewLine]", 
 RowBox[{
  RowBox[{"N1", " ", "=", " ", 
   RowBox[{"1", "/", "hx"}]}], ";"}], "\[IndentingNewLine]", 
 RowBox[{
  RowBox[{"N2", " ", "=", " ", 
   RowBox[{"1", "/", "hy"}]}], ";"}], "\[IndentingNewLine]", 
 RowBox[{
  RowBox[{"Sol", " ", "=", " ", 
   RowBox[{"Table", "[", 
    RowBox[{
     RowBox[{"Table", "[", 
      RowBox[{
       RowBox[{"U", "[", 
        RowBox[{
         RowBox[{"i1", "*", "hx"}], ",", " ", 
         RowBox[{"i2", "*", "hy"}]}], "]"}], ",", 
       RowBox[{"{", 
        RowBox[{"i2", ",", "0", ",", "N2"}], "}"}]}], "]"}], ",", 
     RowBox[{"{", 
      RowBox[{"i1", ",", "0", ",", "N1"}], "}"}]}], "]"}]}], ";"}]}], "Input",
 CellChangeTimes->CompressedData["
1:eJxTTMoPSmViYGAQAWIQLfGSq6fJ4a3jRcf8mSB6St+aBSA6hefWYhAdENkh
0QqkwztOgOkbJQWyINo4a7cciA6x+Xn2BpA+skn4HIg2mLN4zR0gLSPyE0wn
GAruAtHzW7XAtO/pkxdB9JSMZ2B6/pMlaneBtMLmvWA6QX9WA4juYDBtBNFv
BH3Og+gTK6LAdObsdVdB9IFN7NfA9PdcR2vHt44+M7vA9AGO7T0gOuC4Zy+I
1pi77TCI3rL6HJg2Mdx5A0TbfJG8CaI9Wo//B9F3ox+C6R97P9lxOL11LPHg
tgfRDeK+/iCa51ccmJZ5OCMERC9puwqmAXIqoac=
  "],
 CellLabel->
  "In[159]:=",ExpressionUUID->"e9c1b22a-84cf-e746-baf7-fdab736211ea"],

Cell[BoxData["\<\"D:\\\\BMSTU\\\\3 COURSE\\\\6th term\\\\Numeric \
Methods\\\\Numerical_Methods_LAB4\\\\Programms\\\\Code\"\>"], "Output",
 CellChangeTimes->{{3.9261359971811657`*^9, 3.926136011875273*^9}, 
   3.9261360960701637`*^9, 3.9261364322014046`*^9, {3.926136477258936*^9, 
   3.926136552222915*^9}, 3.926137536990307*^9, {3.926137573662525*^9, 
   3.926137598791937*^9}, 3.926138384401018*^9, 3.926138700026516*^9, {
   3.92613933324798*^9, 3.9261393545331764`*^9}, 3.9261394402420616`*^9, {
   3.9261410613587475`*^9, 3.926141082789532*^9}, 3.92614113154788*^9, {
   3.926141167685608*^9, 3.926141177414362*^9}, 3.9263124823633575`*^9, {
   3.92631254274662*^9, 3.926312562575468*^9}, {3.926320478446179*^9, 
   3.926320501381132*^9}, {3.926320580602148*^9, 3.9263206026471786`*^9}, 
   3.926320642732456*^9, 3.926320677152718*^9, 3.926320786159703*^9, 
   3.92632131862102*^9, 3.926321463438135*^9, 3.9263221877368984`*^9, 
   3.9263223340122147`*^9, 3.926322434259558*^9, 3.92632258884054*^9, 
   3.92632261994738*^9, 3.9263226611168156`*^9, 3.926322811372519*^9, {
   3.9263228650948944`*^9, 3.92632289298884*^9}, 3.9265141900933666`*^9, 
   3.926514794763312*^9, 3.926515346297268*^9, 3.926515401195791*^9, 
   3.926515712435734*^9, 3.926567233898613*^9, 3.926567355393711*^9, {
   3.926933997024559*^9, 3.9269340092427006`*^9}, {3.926934133570423*^9, 
   3.926934184434028*^9}, 3.926934236659457*^9, 3.9269344268709087`*^9, 
   3.926934479295828*^9},
 CellLabel->
  "Out[159]=",ExpressionUUID->"4100560c-aa35-4f42-983f-0524b538afc5"]
}, Open  ]],

Cell[CellGroupData[{

Cell[BoxData[
 RowBox[{"MatrixForm", "@", "Sol"}]], "Input",
 CellChangeTimes->{{3.926136000582344*^9, 3.92613601666667*^9}},
 CellLabel->
  "In[166]:=",ExpressionUUID->"8fcbb4bf-895f-c54b-89e7-571dff39ec24"],

Cell[BoxData[
 TagBox[
  RowBox[{"(", "\[NoBreak]", GridBox[{
     {"0.`", "0.0006250000000000001`", "0.0025000000000000005`", 
      "0.0056250000000000015`", "0.010000000000000002`", "0.015625`", 
      "0.022500000000000006`", "0.030625000000000006`", 
      "0.04000000000000001`", "0.050625`", "0.0625`", "0.07562500000000001`", 
      "0.09000000000000002`", "0.10562500000000001`", "0.12250000000000003`", 
      "0.140625`", "0.16000000000000003`", "0.18062500000000004`", "0.2025`", 
      "0.22562500000000002`", "0.25`", "0.275625`", "0.30250000000000005`", 
      "0.33062500000000006`", "0.3600000000000001`", "0.390625`", 
      "0.42250000000000004`", "0.45562500000000006`", "0.4900000000000001`", 
      "0.5256250000000001`", "0.5625`", "0.6006250000000001`", 
      "0.6400000000000001`", "0.6806250000000001`", "0.7225000000000001`", 
      "0.765625`", "0.81`", "0.8556250000000001`", "0.9025000000000001`", 
      "0.9506250000000002`", "1.`"},
     {"0.0006250000000000001`", "0.0012500000000000002`", 
      "0.0031250000000000006`", "0.006250000000000002`", 
      "0.010625000000000002`", "0.01625`", "0.023125000000000007`", 
      "0.03125000000000001`", "0.04062500000000001`", "0.051250000000000004`",
       "0.063125`", "0.07625000000000001`", "0.09062500000000002`", 
      "0.10625000000000001`", "0.12312500000000003`", "0.14125`", 
      "0.16062500000000002`", "0.18125000000000002`", "0.203125`", "0.22625`",
       "0.250625`", "0.27625`", "0.30312500000000003`", 
      "0.33125000000000004`", "0.3606250000000001`", "0.39125`", 
      "0.42312500000000003`", "0.45625000000000004`", "0.4906250000000001`", 
      "0.5262500000000001`", "0.563125`", "0.6012500000000001`", 
      "0.6406250000000001`", "0.6812500000000001`", "0.7231250000000001`", 
      "0.76625`", "0.810625`", "0.8562500000000001`", "0.9031250000000001`", 
      "0.9512500000000002`", "1.000625`"},
     {"0.0025000000000000005`", "0.0031250000000000006`", 
      "0.005000000000000001`", "0.008125000000000002`", 
      "0.012500000000000002`", "0.018125000000000002`", 
      "0.02500000000000001`", "0.03312500000000001`", "0.04250000000000001`", 
      "0.053125000000000006`", "0.065`", "0.07812500000000001`", 
      "0.09250000000000003`", "0.10812500000000001`", "0.12500000000000003`", 
      "0.143125`", "0.16250000000000003`", "0.18312500000000004`", 
      "0.20500000000000002`", "0.22812500000000002`", "0.2525`", "0.278125`", 
      "0.30500000000000005`", "0.33312500000000006`", "0.3625000000000001`", 
      "0.393125`", "0.42500000000000004`", "0.45812500000000006`", 
      "0.4925000000000001`", "0.5281250000000001`", "0.565`", "0.603125`", 
      "0.6425000000000001`", "0.6831250000000001`", "0.7250000000000001`", 
      "0.768125`", "0.8125`", "0.858125`", "0.905`", "0.9531250000000001`", 
      "1.0025`"},
     {"0.0056250000000000015`", "0.006250000000000002`", 
      "0.008125000000000002`", "0.011250000000000003`", 
      "0.015625000000000003`", "0.02125`", "0.028125000000000008`", 
      "0.036250000000000004`", "0.04562500000000001`", "0.05625000000000001`",
       "0.068125`", "0.08125000000000002`", "0.09562500000000003`", 
      "0.11125000000000002`", "0.12812500000000002`", "0.14625`", 
      "0.16562500000000002`", "0.18625000000000003`", "0.208125`", "0.23125`",
       "0.255625`", "0.28125`", "0.30812500000000004`", 
      "0.33625000000000005`", "0.3656250000000001`", "0.39625`", 
      "0.42812500000000003`", "0.46125000000000005`", "0.4956250000000001`", 
      "0.5312500000000001`", "0.568125`", "0.6062500000000001`", 
      "0.6456250000000001`", "0.6862500000000001`", "0.7281250000000001`", 
      "0.77125`", "0.815625`", "0.8612500000000001`", "0.9081250000000001`", 
      "0.9562500000000002`", "1.005625`"},
     {"0.010000000000000002`", "0.010625000000000002`", 
      "0.012500000000000002`", "0.015625000000000003`", 
      "0.020000000000000004`", "0.025625000000000002`", 
      "0.03250000000000001`", "0.04062500000000001`", "0.05000000000000001`", 
      "0.060625000000000005`", "0.07250000000000001`", "0.085625`", 
      "0.10000000000000003`", "0.115625`", "0.13250000000000003`", 
      "0.150625`", "0.17000000000000004`", "0.19062500000000004`", 
      "0.21250000000000002`", "0.23562500000000003`", "0.26`", "0.285625`", 
      "0.31250000000000006`", "0.34062500000000007`", "0.3700000000000001`", 
      "0.400625`", "0.43250000000000005`", "0.46562500000000007`", 
      "0.5000000000000001`", "0.5356250000000001`", "0.5725`", 
      "0.6106250000000001`", "0.6500000000000001`", "0.6906250000000002`", 
      "0.7325000000000002`", "0.775625`", "0.8200000000000001`", 
      "0.8656250000000001`", "0.9125000000000001`", "0.9606250000000002`", 
      "1.01`"},
     {"0.015625`", "0.01625`", "0.018125000000000002`", "0.02125`", 
      "0.025625000000000002`", "0.03125`", "0.038125000000000006`", 
      "0.046250000000000006`", "0.05562500000000001`", "0.06625`", 
      "0.078125`", "0.09125000000000001`", "0.10562500000000002`", 
      "0.12125000000000001`", "0.13812500000000003`", "0.15625`", 
      "0.17562500000000003`", "0.19625000000000004`", "0.218125`", 
      "0.24125000000000002`", "0.265625`", "0.29125`", "0.31812500000000005`",
       "0.34625000000000006`", "0.3756250000000001`", "0.40625`", 
      "0.43812500000000004`", "0.47125000000000006`", "0.5056250000000001`", 
      "0.5412500000000001`", "0.578125`", "0.6162500000000001`", 
      "0.6556250000000001`", "0.6962500000000001`", "0.7381250000000001`", 
      "0.78125`", "0.825625`", "0.8712500000000001`", "0.9181250000000001`", 
      "0.9662500000000002`", "1.015625`"},
     {"0.022500000000000006`", "0.023125000000000007`", 
      "0.02500000000000001`", "0.028125000000000008`", "0.03250000000000001`",
       "0.038125000000000006`", "0.04500000000000001`", 
      "0.05312500000000001`", "0.06250000000000001`", "0.07312500000000001`", 
      "0.085`", "0.09812500000000002`", "0.11250000000000003`", 
      "0.12812500000000002`", "0.14500000000000002`", "0.16312500000000002`", 
      "0.18250000000000005`", "0.20312500000000006`", "0.22500000000000003`", 
      "0.24812500000000004`", "0.2725`", "0.29812500000000003`", 
      "0.32500000000000007`", "0.3531250000000001`", "0.3825000000000001`", 
      "0.413125`", "0.44500000000000006`", "0.4781250000000001`", 
      "0.5125000000000001`", "0.5481250000000001`", "0.585`", "0.623125`", 
      "0.6625000000000001`", "0.7031250000000001`", "0.7450000000000001`", 
      "0.788125`", "0.8325`", "0.878125`", "0.925`", "0.9731250000000001`", 
      "1.0225`"},
     {"0.030625000000000006`", "0.03125000000000001`", "0.03312500000000001`",
       "0.036250000000000004`", "0.04062500000000001`", 
      "0.046250000000000006`", "0.05312500000000001`", "0.06125000000000001`",
       "0.07062500000000002`", "0.08125000000000002`", "0.09312500000000001`",
       "0.10625000000000001`", "0.12062500000000004`", "0.13625`", 
      "0.15312500000000004`", "0.17125`", "0.19062500000000004`", 
      "0.21125000000000005`", "0.23312500000000003`", "0.25625000000000003`", 
      "0.280625`", "0.30625`", "0.33312500000000006`", "0.36125000000000007`",
       "0.3906250000000001`", "0.42125`", "0.45312500000000006`", 
      "0.48625000000000007`", "0.5206250000000001`", "0.5562500000000001`", 
      "0.593125`", "0.6312500000000001`", "0.6706250000000001`", 
      "0.7112500000000002`", "0.7531250000000002`", "0.79625`", 
      "0.8406250000000001`", "0.8862500000000001`", "0.9331250000000001`", 
      "0.9812500000000002`", "1.030625`"},
     {"0.04000000000000001`", "0.04062500000000001`", "0.04250000000000001`", 
      "0.04562500000000001`", "0.05000000000000001`", "0.05562500000000001`", 
      "0.06250000000000001`", "0.07062500000000002`", "0.08000000000000002`", 
      "0.09062500000000001`", "0.10250000000000001`", "0.11562500000000002`", 
      "0.13000000000000003`", "0.145625`", "0.16250000000000003`", 
      "0.180625`", "0.20000000000000004`", "0.22062500000000004`", 
      "0.24250000000000002`", "0.265625`", "0.29000000000000004`", 
      "0.31562500000000004`", "0.3425`", "0.3706250000000001`", 
      "0.40000000000000013`", "0.43062500000000004`", "0.4625`", 
      "0.4956250000000001`", "0.5300000000000001`", "0.5656250000000002`", 
      "0.6025`", "0.6406250000000001`", "0.6800000000000002`", 
      "0.7206250000000002`", "0.7625000000000002`", "0.805625`", 
      "0.8500000000000001`", "0.8956250000000001`", "0.9425000000000001`", 
      "0.9906250000000002`", "1.04`"},
     {"0.050625`", "0.051250000000000004`", "0.053125000000000006`", 
      "0.05625000000000001`", "0.060625000000000005`", "0.06625`", 
      "0.07312500000000001`", "0.08125000000000002`", "0.09062500000000001`", 
      "0.10125`", "0.113125`", "0.12625000000000003`", "0.14062500000000003`",
       "0.15625`", "0.17312500000000003`", "0.19125`", "0.21062500000000003`",
       "0.23125000000000004`", "0.25312500000000004`", "0.27625`", 
      "0.30062500000000003`", "0.32625000000000004`", "0.353125`", 
      "0.3812500000000001`", "0.41062500000000013`", "0.44125000000000003`", 
      "0.473125`", "0.5062500000000001`", "0.5406250000000001`", 
      "0.5762500000000002`", "0.613125`", "0.6512500000000001`", 
      "0.6906250000000002`", "0.7312500000000002`", "0.7731250000000002`", 
      "0.81625`", "0.8606250000000001`", "0.9062500000000001`", 
      "0.9531250000000001`", "1.0012500000000002`", "1.050625`"},
     {"0.0625`", "0.063125`", "0.065`", "0.068125`", "0.07250000000000001`", 
      "0.078125`", "0.085`", "0.09312500000000001`", "0.10250000000000001`", 
      "0.113125`", "0.125`", "0.138125`", "0.15250000000000002`", 
      "0.16812500000000002`", "0.18500000000000003`", "0.203125`", 
      "0.22250000000000003`", "0.24312500000000004`", "0.265`", "0.288125`", 
      "0.3125`", "0.338125`", "0.36500000000000005`", "0.39312500000000006`", 
      "0.4225000000000001`", "0.453125`", "0.48500000000000004`", 
      "0.5181250000000001`", "0.5525000000000001`", "0.5881250000000001`", 
      "0.625`", "0.6631250000000001`", "0.7025000000000001`", 
      "0.7431250000000001`", "0.7850000000000001`", "0.828125`", "0.8725`", 
      "0.9181250000000001`", "0.9650000000000001`", "1.013125`", "1.0625`"},
     {"0.07562500000000001`", "0.07625000000000001`", "0.07812500000000001`", 
      "0.08125000000000002`", "0.085625`", "0.09125000000000001`", 
      "0.09812500000000002`", "0.10625000000000001`", "0.11562500000000002`", 
      "0.12625000000000003`", "0.138125`", "0.15125000000000002`", 
      "0.16562500000000002`", "0.18125000000000002`", "0.19812500000000005`", 
      "0.21625`", "0.23562500000000003`", "0.25625000000000003`", "0.278125`",
       "0.30125`", "0.325625`", "0.35125`", "0.37812500000000004`", 
      "0.40625000000000006`", "0.4356250000000001`", "0.46625`", 
      "0.49812500000000004`", "0.5312500000000001`", "0.5656250000000002`", 
      "0.6012500000000002`", "0.638125`", "0.6762500000000001`", 
      "0.7156250000000002`", "0.7562500000000002`", "0.7981250000000002`", 
      "0.84125`", "0.8856250000000001`", "0.9312500000000001`", 
      "0.9781250000000001`", "1.02625`", "1.075625`"},
     {"0.09000000000000002`", "0.09062500000000002`", "0.09250000000000003`", 
      "0.09562500000000003`", "0.10000000000000003`", "0.10562500000000002`", 
      "0.11250000000000003`", "0.12062500000000004`", "0.13000000000000003`", 
      "0.14062500000000003`", "0.15250000000000002`", "0.16562500000000002`", 
      "0.18000000000000005`", "0.19562500000000005`", "0.21250000000000005`", 
      "0.23062500000000002`", "0.25000000000000006`", "0.27062500000000006`", 
      "0.29250000000000004`", "0.31562500000000004`", "0.34`", 
      "0.36562500000000003`", "0.39250000000000007`", "0.4206250000000001`", 
      "0.4500000000000001`", "0.480625`", "0.5125000000000001`", "0.545625`", 
      "0.5800000000000001`", "0.6156250000000001`", "0.6525000000000001`", 
      "0.690625`", "0.7300000000000002`", "0.7706250000000001`", 
      "0.8125000000000002`", "0.8556250000000001`", "0.9000000000000001`", 
      "0.9456250000000002`", "0.9925000000000002`", "1.0406250000000001`", 
      "1.09`"},
     {"0.10562500000000001`", "0.10625000000000001`", "0.10812500000000001`", 
      "0.11125000000000002`", "0.115625`", "0.12125000000000001`", 
      "0.12812500000000002`", "0.13625`", "0.145625`", "0.15625`", 
      "0.16812500000000002`", "0.18125000000000002`", "0.19562500000000005`", 
      "0.21125000000000002`", "0.22812500000000002`", "0.24625000000000002`", 
      "0.26562500000000006`", "0.28625000000000006`", "0.30812500000000004`", 
      "0.33125000000000004`", "0.355625`", "0.38125000000000003`", 
      "0.40812500000000007`", "0.4362500000000001`", "0.4656250000000001`", 
      "0.49625`", "0.5281250000000001`", "0.56125`", "0.5956250000000001`", 
      "0.6312500000000001`", "0.668125`", "0.70625`", "0.7456250000000001`", 
      "0.7862500000000001`", "0.8281250000000001`", "0.87125`", "0.915625`", 
      "0.96125`", "1.0081250000000002`", "1.0562500000000001`", "1.105625`"},
     {"0.12250000000000003`", "0.12312500000000003`", "0.12500000000000003`", 
      "0.12812500000000002`", "0.13250000000000003`", "0.13812500000000003`", 
      "0.14500000000000002`", "0.15312500000000004`", "0.16250000000000003`", 
      "0.17312500000000003`", "0.18500000000000003`", "0.19812500000000005`", 
      "0.21250000000000005`", "0.22812500000000002`", "0.24500000000000005`", 
      "0.26312500000000005`", "0.2825000000000001`", "0.3031250000000001`", 
      "0.32500000000000007`", "0.348125`", "0.37250000000000005`", 
      "0.39812500000000006`", "0.42500000000000004`", "0.4531250000000001`", 
      "0.48250000000000015`", "0.513125`", "0.545`", "0.5781250000000001`", 
      "0.6125000000000002`", "0.6481250000000002`", "0.685`", 
      "0.7231250000000001`", "0.7625000000000002`", "0.8031250000000002`", 
      "0.8450000000000002`", "0.888125`", "0.9325000000000001`", 
      "0.9781250000000001`", "1.0250000000000001`", "1.073125`", "1.1225`"},
     {"0.140625`", "0.14125`", "0.143125`", "0.14625`", "0.150625`", 
      "0.15625`", "0.16312500000000002`", "0.17125`", "0.180625`", "0.19125`",
       "0.203125`", "0.21625`", "0.23062500000000002`", 
      "0.24625000000000002`", "0.26312500000000005`", "0.28125`", 
      "0.30062500000000003`", "0.32125000000000004`", "0.343125`", "0.36625`",
       "0.390625`", "0.41625`", "0.44312500000000005`", 
      "0.47125000000000006`", "0.5006250000000001`", "0.53125`", 
      "0.5631250000000001`", "0.5962500000000001`", "0.6306250000000001`", 
      "0.6662500000000001`", "0.703125`", "0.7412500000000001`", 
      "0.7806250000000001`", "0.8212500000000001`", "0.8631250000000001`", 
      "0.90625`", "0.950625`", "0.9962500000000001`", "1.043125`", "1.09125`",
       "1.140625`"},
     {"0.16000000000000003`", "0.16062500000000002`", "0.16250000000000003`", 
      "0.16562500000000002`", "0.17000000000000004`", "0.17562500000000003`", 
      "0.18250000000000005`", "0.19062500000000004`", "0.20000000000000004`", 
      "0.21062500000000003`", "0.22250000000000003`", "0.23562500000000003`", 
      "0.25000000000000006`", "0.26562500000000006`", "0.2825000000000001`", 
      "0.30062500000000003`", "0.32000000000000006`", "0.34062500000000007`", 
      "0.36250000000000004`", "0.38562500000000005`", "0.41000000000000003`", 
      "0.43562500000000004`", "0.4625000000000001`", "0.4906250000000001`", 
      "0.5200000000000001`", "0.550625`", "0.5825`", "0.6156250000000001`", 
      "0.6500000000000001`", "0.6856250000000002`", "0.7225`", 
      "0.7606250000000001`", "0.8000000000000002`", "0.8406250000000002`", 
      "0.8825000000000002`", "0.925625`", "0.9700000000000001`", "1.015625`", 
      "1.0625`", "1.1106250000000002`", "1.1600000000000001`"},
     {"0.18062500000000004`", "0.18125000000000002`", "0.18312500000000004`", 
      "0.18625000000000003`", "0.19062500000000004`", "0.19625000000000004`", 
      "0.20312500000000006`", "0.21125000000000005`", "0.22062500000000004`", 
      "0.23125000000000004`", "0.24312500000000004`", "0.25625000000000003`", 
      "0.27062500000000006`", "0.28625000000000006`", "0.3031250000000001`", 
      "0.32125000000000004`", "0.34062500000000007`", "0.36125000000000007`", 
      "0.38312500000000005`", "0.40625000000000006`", "0.43062500000000004`", 
      "0.45625000000000004`", "0.4831250000000001`", "0.5112500000000001`", 
      "0.5406250000000001`", "0.57125`", "0.6031250000000001`", 
      "0.6362500000000001`", "0.6706250000000001`", "0.7062500000000002`", 
      "0.743125`", "0.7812500000000001`", "0.8206250000000002`", 
      "0.8612500000000002`", "0.9031250000000002`", "0.94625`", 
      "0.9906250000000001`", "1.0362500000000001`", "1.0831250000000001`", 
      "1.13125`", "1.180625`"},
     {"0.2025`", "0.203125`", "0.20500000000000002`", "0.208125`", 
      "0.21250000000000002`", "0.218125`", "0.22500000000000003`", 
      "0.23312500000000003`", "0.24250000000000002`", "0.25312500000000004`", 
      "0.265`", "0.278125`", "0.29250000000000004`", "0.30812500000000004`", 
      "0.32500000000000007`", "0.343125`", "0.36250000000000004`", 
      "0.38312500000000005`", "0.405`", "0.42812500000000003`", "0.4525`", 
      "0.478125`", "0.5050000000000001`", "0.5331250000000001`", 
      "0.5625000000000001`", "0.593125`", "0.625`", "0.6581250000000001`", 
      "0.6925000000000001`", "0.7281250000000001`", "0.765`", 
      "0.8031250000000001`", "0.8425000000000001`", "0.8831250000000002`", 
      "0.9250000000000002`", "0.968125`", "1.0125000000000002`", "1.058125`", 
      "1.105`", "1.1531250000000002`", "1.2025000000000001`"},
     {"0.22562500000000002`", "0.22625`", "0.22812500000000002`", "0.23125`", 
      "0.23562500000000003`", "0.24125000000000002`", "0.24812500000000004`", 
      "0.25625000000000003`", "0.265625`", "0.27625`", "0.288125`", 
      "0.30125`", "0.31562500000000004`", "0.33125000000000004`", "0.348125`",
       "0.36625`", "0.38562500000000005`", "0.40625000000000006`", 
      "0.42812500000000003`", "0.45125000000000004`", "0.475625`", "0.50125`",
       "0.5281250000000001`", "0.5562500000000001`", "0.5856250000000001`", 
      "0.61625`", "0.6481250000000001`", "0.6812500000000001`", 
      "0.7156250000000002`", "0.7512500000000002`", "0.788125`", 
      "0.8262500000000002`", "0.8656250000000001`", "0.9062500000000002`", 
      "0.9481250000000001`", "0.99125`", "1.035625`", "1.08125`", "1.128125`",
       "1.1762500000000002`", "1.225625`"},
     {"0.25`", "0.250625`", "0.2525`", "0.255625`", "0.26`", "0.265625`", 
      "0.2725`", "0.280625`", "0.29000000000000004`", "0.30062500000000003`", 
      "0.3125`", "0.325625`", "0.34`", "0.355625`", "0.37250000000000005`", 
      "0.390625`", "0.41000000000000003`", "0.43062500000000004`", "0.4525`", 
      "0.475625`", "0.5`", "0.525625`", "0.5525`", "0.5806250000000001`", 
      "0.6100000000000001`", "0.640625`", "0.6725000000000001`", 
      "0.7056250000000001`", "0.7400000000000001`", "0.7756250000000001`", 
      "0.8125`", "0.8506250000000001`", "0.8900000000000001`", 
      "0.9306250000000001`", "0.9725000000000001`", "1.015625`", "1.06`", 
      "1.105625`", "1.1525`", "1.200625`", "1.25`"},
     {"0.275625`", "0.27625`", "0.278125`", "0.28125`", "0.285625`", 
      "0.29125`", "0.29812500000000003`", "0.30625`", "0.31562500000000004`", 
      "0.32625000000000004`", "0.338125`", "0.35125`", "0.36562500000000003`",
       "0.38125000000000003`", "0.39812500000000006`", "0.41625`", 
      "0.43562500000000004`", "0.45625000000000004`", "0.478125`", "0.50125`",
       "0.525625`", "0.55125`", "0.578125`", "0.6062500000000001`", 
      "0.6356250000000001`", "0.66625`", "0.6981250000000001`", 
      "0.7312500000000001`", "0.7656250000000001`", "0.8012500000000001`", 
      "0.838125`", "0.8762500000000001`", "0.9156250000000001`", 
      "0.9562500000000002`", "0.9981250000000002`", "1.04125`", "1.085625`", 
      "1.13125`", "1.178125`", "1.2262500000000003`", "1.275625`"},
     {"0.30250000000000005`", "0.30312500000000003`", "0.30500000000000005`", 
      "0.30812500000000004`", "0.31250000000000006`", "0.31812500000000005`", 
      "0.32500000000000007`", "0.33312500000000006`", "0.3425`", "0.353125`", 
      "0.36500000000000005`", "0.37812500000000004`", "0.39250000000000007`", 
      "0.40812500000000007`", "0.42500000000000004`", "0.44312500000000005`", 
      "0.4625000000000001`", "0.4831250000000001`", "0.5050000000000001`", 
      "0.5281250000000001`", "0.5525`", "0.578125`", "0.6050000000000001`", 
      "0.6331250000000002`", "0.6625000000000001`", "0.693125`", 
      "0.7250000000000001`", "0.7581250000000002`", "0.7925000000000002`", 
      "0.8281250000000002`", "0.865`", "0.9031250000000002`", 
      "0.9425000000000001`", "0.9831250000000002`", "1.0250000000000001`", 
      "1.068125`", "1.1125`", "1.158125`", "1.205`", "1.2531250000000003`", 
      "1.3025`"},
     {"0.33062500000000006`", "0.33125000000000004`", "0.33312500000000006`", 
      "0.33625000000000005`", "0.34062500000000007`", "0.34625000000000006`", 
      "0.3531250000000001`", "0.36125000000000007`", "0.3706250000000001`", 
      "0.3812500000000001`", "0.39312500000000006`", "0.40625000000000006`", 
      "0.4206250000000001`", "0.4362500000000001`", "0.4531250000000001`", 
      "0.47125000000000006`", "0.4906250000000001`", "0.5112500000000001`", 
      "0.5331250000000001`", "0.5562500000000001`", "0.5806250000000001`", 
      "0.6062500000000001`", "0.6331250000000002`", "0.6612500000000001`", 
      "0.6906250000000002`", "0.7212500000000001`", "0.753125`", 
      "0.7862500000000001`", "0.8206250000000002`", "0.8562500000000002`", 
      "0.8931250000000001`", "0.9312500000000001`", "0.9706250000000002`", 
      "1.0112500000000002`", "1.053125`", "1.09625`", "1.140625`", 
      "1.1862500000000002`", "1.2331250000000002`", "1.2812500000000002`", 
      "1.330625`"},
     {"0.3600000000000001`", "0.3606250000000001`", "0.3625000000000001`", 
      "0.3656250000000001`", "0.3700000000000001`", "0.3756250000000001`", 
      "0.3825000000000001`", "0.3906250000000001`", "0.40000000000000013`", 
      "0.41062500000000013`", "0.4225000000000001`", "0.4356250000000001`", 
      "0.4500000000000001`", "0.4656250000000001`", "0.48250000000000015`", 
      "0.5006250000000001`", "0.5200000000000001`", "0.5406250000000001`", 
      "0.5625000000000001`", "0.5856250000000001`", "0.6100000000000001`", 
      "0.6356250000000001`", "0.6625000000000001`", "0.6906250000000002`", 
      "0.7200000000000002`", "0.7506250000000001`", "0.7825000000000002`", 
      "0.8156250000000002`", "0.8500000000000002`", "0.8856250000000002`", 
      "0.9225000000000001`", "0.9606250000000002`", "1.0000000000000002`", 
      "1.0406250000000004`", "1.0825000000000002`", "1.125625`", 
      "1.1700000000000002`", "1.2156250000000002`", "1.2625000000000002`", 
      "1.3106250000000004`", "1.36`"},
     {"0.390625`", "0.39125`", "0.393125`", "0.39625`", "0.400625`", 
      "0.40625`", "0.413125`", "0.42125`", "0.43062500000000004`", 
      "0.44125000000000003`", "0.453125`", "0.46625`", "0.480625`", 
      "0.49625`", "0.513125`", "0.53125`", "0.550625`", "0.57125`", 
      "0.593125`", "0.61625`", "0.640625`", "0.66625`", "0.693125`", 
      "0.7212500000000001`", "0.7506250000000001`", "0.78125`", 
      "0.8131250000000001`", "0.8462500000000001`", "0.8806250000000001`", 
      "0.9162500000000001`", "0.953125`", "0.9912500000000001`", 
      "1.0306250000000001`", "1.07125`", "1.1131250000000001`", "1.15625`", 
      "1.200625`", "1.24625`", "1.293125`", "1.34125`", "1.390625`"},
     {"0.42250000000000004`", "0.42312500000000003`", "0.42500000000000004`", 
      "0.42812500000000003`", "0.43250000000000005`", "0.43812500000000004`", 
      "0.44500000000000006`", "0.45312500000000006`", "0.4625`", "0.473125`", 
      "0.48500000000000004`", "0.49812500000000004`", "0.5125000000000001`", 
      "0.5281250000000001`", "0.545`", "0.5631250000000001`", "0.5825`", 
      "0.6031250000000001`", "0.625`", "0.6481250000000001`", 
      "0.6725000000000001`", "0.6981250000000001`", "0.7250000000000001`", 
      "0.753125`", "0.7825000000000002`", "0.8131250000000001`", 
      "0.8450000000000001`", "0.878125`", "0.9125000000000001`", 
      "0.9481250000000001`", "0.9850000000000001`", "1.023125`", 
      "1.0625000000000002`", "1.1031250000000001`", "1.1450000000000002`", 
      "1.188125`", "1.2325000000000002`", "1.2781250000000002`", 
      "1.3250000000000002`", "1.3731250000000002`", "1.4225`"},
     {"0.45562500000000006`", "0.45625000000000004`", "0.45812500000000006`", 
      "0.46125000000000005`", "0.46562500000000007`", "0.47125000000000006`", 
      "0.4781250000000001`", "0.48625000000000007`", "0.4956250000000001`", 
      "0.5062500000000001`", "0.5181250000000001`", "0.5312500000000001`", 
      "0.545625`", "0.56125`", "0.5781250000000001`", "0.5962500000000001`", 
      "0.6156250000000001`", "0.6362500000000001`", "0.6581250000000001`", 
      "0.6812500000000001`", "0.7056250000000001`", "0.7312500000000001`", 
      "0.7581250000000002`", "0.7862500000000001`", "0.8156250000000002`", 
      "0.8462500000000001`", "0.878125`", "0.9112500000000001`", 
      "0.9456250000000002`", "0.9812500000000002`", "1.018125`", 
      "1.0562500000000001`", "1.095625`", "1.1362500000000002`", "1.178125`", 
      "1.22125`", "1.265625`", "1.3112500000000002`", "1.3581250000000002`", 
      "1.4062500000000002`", "1.455625`"},
     {"0.4900000000000001`", "0.4906250000000001`", "0.4925000000000001`", 
      "0.4956250000000001`", "0.5000000000000001`", "0.5056250000000001`", 
      "0.5125000000000001`", "0.5206250000000001`", "0.5300000000000001`", 
      "0.5406250000000001`", "0.5525000000000001`", "0.5656250000000002`", 
      "0.5800000000000001`", "0.5956250000000001`", "0.6125000000000002`", 
      "0.6306250000000001`", "0.6500000000000001`", "0.6706250000000001`", 
      "0.6925000000000001`", "0.7156250000000002`", "0.7400000000000001`", 
      "0.7656250000000001`", "0.7925000000000002`", "0.8206250000000002`", 
      "0.8500000000000002`", "0.8806250000000001`", "0.9125000000000001`", 
      "0.9456250000000002`", "0.9800000000000002`", "1.0156250000000002`", 
      "1.0525000000000002`", "1.0906250000000002`", "1.1300000000000003`", 
      "1.1706250000000002`", "1.2125000000000004`", "1.2556250000000002`", 
      "1.3000000000000003`", "1.345625`", "1.3925`", "1.4406250000000003`", 
      "1.4900000000000002`"},
     {"0.5256250000000001`", "0.5262500000000001`", "0.5281250000000001`", 
      "0.5312500000000001`", "0.5356250000000001`", "0.5412500000000001`", 
      "0.5481250000000001`", "0.5562500000000001`", "0.5656250000000002`", 
      "0.5762500000000002`", "0.5881250000000001`", "0.6012500000000002`", 
      "0.6156250000000001`", "0.6312500000000001`", "0.6481250000000002`", 
      "0.6662500000000001`", "0.6856250000000002`", "0.7062500000000002`", 
      "0.7281250000000001`", "0.7512500000000002`", "0.7756250000000001`", 
      "0.8012500000000001`", "0.8281250000000002`", "0.8562500000000002`", 
      "0.8856250000000002`", "0.9162500000000001`", "0.9481250000000001`", 
      "0.9812500000000002`", "1.0156250000000002`", "1.0512500000000002`", 
      "1.0881250000000002`", "1.1262500000000002`", "1.1656250000000004`", 
      "1.2062500000000003`", "1.2481250000000004`", "1.2912500000000002`", 
      "1.3356250000000003`", "1.38125`", "1.428125`", "1.4762500000000003`", 
      "1.5256250000000002`"},
     {"0.5625`", "0.563125`", "0.565`", "0.568125`", "0.5725`", "0.578125`", 
      "0.585`", "0.593125`", "0.6025`", "0.613125`", "0.625`", "0.638125`", 
      "0.6525000000000001`", "0.668125`", "0.685`", "0.703125`", "0.7225`", 
      "0.743125`", "0.765`", "0.788125`", "0.8125`", "0.838125`", "0.865`", 
      "0.8931250000000001`", "0.9225000000000001`", "0.953125`", 
      "0.9850000000000001`", "1.018125`", "1.0525000000000002`", 
      "1.0881250000000002`", "1.125`", "1.163125`", "1.2025000000000001`", 
      "1.243125`", "1.2850000000000001`", "1.328125`", "1.3725`", "1.418125`",
       "1.465`", "1.513125`", "1.5625`"},
     {"0.6006250000000001`", "0.6012500000000001`", "0.603125`", 
      "0.6062500000000001`", "0.6106250000000001`", "0.6162500000000001`", 
      "0.623125`", "0.6312500000000001`", "0.6406250000000001`", 
      "0.6512500000000001`", "0.6631250000000001`", "0.6762500000000001`", 
      "0.690625`", "0.70625`", "0.7231250000000001`", "0.7412500000000001`", 
      "0.7606250000000001`", "0.7812500000000001`", "0.8031250000000001`", 
      "0.8262500000000002`", "0.8506250000000001`", "0.8762500000000001`", 
      "0.9031250000000002`", "0.9312500000000001`", "0.9606250000000002`", 
      "0.9912500000000001`", "1.023125`", "1.0562500000000001`", 
      "1.0906250000000002`", "1.1262500000000002`", "1.163125`", 
      "1.2012500000000002`", "1.240625`", "1.2812500000000002`", "1.323125`", 
      "1.36625`", "1.410625`", "1.4562500000000003`", "1.5031250000000003`", 
      "1.5512500000000002`", "1.600625`"},
     {"0.6400000000000001`", "0.6406250000000001`", "0.6425000000000001`", 
      "0.6456250000000001`", "0.6500000000000001`", "0.6556250000000001`", 
      "0.6625000000000001`", "0.6706250000000001`", "0.6800000000000002`", 
      "0.6906250000000002`", "0.7025000000000001`", "0.7156250000000002`", 
      "0.7300000000000002`", "0.7456250000000001`", "0.7625000000000002`", 
      "0.7806250000000001`", "0.8000000000000002`", "0.8206250000000002`", 
      "0.8425000000000001`", "0.8656250000000001`", "0.8900000000000001`", 
      "0.9156250000000001`", "0.9425000000000001`", "0.9706250000000002`", 
      "1.0000000000000002`", "1.0306250000000001`", "1.0625000000000002`", 
      "1.095625`", "1.1300000000000003`", "1.1656250000000004`", 
      "1.2025000000000001`", "1.240625`", "1.2800000000000002`", 
      "1.3206250000000002`", "1.3625000000000003`", "1.4056250000000001`", 
      "1.4500000000000002`", "1.4956250000000002`", "1.5425000000000002`", 
      "1.5906250000000002`", "1.6400000000000001`"},
     {"0.6806250000000001`", "0.6812500000000001`", "0.6831250000000001`", 
      "0.6862500000000001`", "0.6906250000000002`", "0.6962500000000001`", 
      "0.7031250000000001`", "0.7112500000000002`", "0.7206250000000002`", 
      "0.7312500000000002`", "0.7431250000000001`", "0.7562500000000002`", 
      "0.7706250000000001`", "0.7862500000000001`", "0.8031250000000002`", 
      "0.8212500000000001`", "0.8406250000000002`", "0.8612500000000002`", 
      "0.8831250000000002`", "0.9062500000000002`", "0.9306250000000001`", 
      "0.9562500000000002`", "0.9831250000000002`", "1.0112500000000002`", 
      "1.0406250000000004`", "1.07125`", "1.1031250000000001`", 
      "1.1362500000000002`", "1.1706250000000002`", "1.2062500000000003`", 
      "1.243125`", "1.2812500000000002`", "1.3206250000000002`", 
      "1.3612500000000003`", "1.4031250000000002`", "1.44625`", "1.490625`", 
      "1.5362500000000003`", "1.5831250000000003`", "1.6312500000000003`", 
      "1.680625`"},
     {"0.7225000000000001`", "0.7231250000000001`", "0.7250000000000001`", 
      "0.7281250000000001`", "0.7325000000000002`", "0.7381250000000001`", 
      "0.7450000000000001`", "0.7531250000000002`", "0.7625000000000002`", 
      "0.7731250000000002`", "0.7850000000000001`", "0.7981250000000002`", 
      "0.8125000000000002`", "0.8281250000000001`", "0.8450000000000002`", 
      "0.8631250000000001`", "0.8825000000000002`", "0.9031250000000002`", 
      "0.9250000000000002`", "0.9481250000000001`", "0.9725000000000001`", 
      "0.9981250000000002`", "1.0250000000000001`", "1.053125`", 
      "1.0825000000000002`", "1.1131250000000001`", "1.1450000000000002`", 
      "1.178125`", "1.2125000000000004`", "1.2481250000000004`", 
      "1.2850000000000001`", "1.323125`", "1.3625000000000003`", 
      "1.4031250000000002`", "1.4450000000000003`", "1.4881250000000001`", 
      "1.5325000000000002`", "1.5781250000000002`", "1.6250000000000002`", 
      "1.6731250000000002`", "1.7225000000000001`"},
     {"0.765625`", "0.76625`", "0.768125`", "0.77125`", "0.775625`", 
      "0.78125`", "0.788125`", "0.79625`", "0.805625`", "0.81625`", 
      "0.828125`", "0.84125`", "0.8556250000000001`", "0.87125`", "0.888125`",
       "0.90625`", "0.925625`", "0.94625`", "0.968125`", "0.99125`", 
      "1.015625`", "1.04125`", "1.068125`", "1.09625`", "1.125625`", 
      "1.15625`", "1.188125`", "1.22125`", "1.2556250000000002`", 
      "1.2912500000000002`", "1.328125`", "1.36625`", "1.4056250000000001`", 
      "1.44625`", "1.4881250000000001`", "1.53125`", "1.575625`", "1.62125`", 
      "1.668125`", "1.71625`", "1.765625`"},
     {"0.81`", "0.810625`", "0.8125`", "0.815625`", "0.8200000000000001`", 
      "0.825625`", "0.8325`", "0.8406250000000001`", "0.8500000000000001`", 
      "0.8606250000000001`", "0.8725`", "0.8856250000000001`", 
      "0.9000000000000001`", "0.915625`", "0.9325000000000001`", "0.950625`", 
      "0.9700000000000001`", "0.9906250000000001`", "1.0125000000000002`", 
      "1.035625`", "1.06`", "1.085625`", "1.1125`", "1.140625`", 
      "1.1700000000000002`", "1.200625`", "1.2325000000000002`", "1.265625`", 
      "1.3000000000000003`", "1.3356250000000003`", "1.3725`", "1.410625`", 
      "1.4500000000000002`", "1.490625`", "1.5325000000000002`", "1.575625`", 
      "1.62`", "1.6656250000000001`", "1.7125000000000001`", "1.760625`", 
      "1.81`"},
     {"0.8556250000000001`", "0.8562500000000001`", "0.858125`", 
      "0.8612500000000001`", "0.8656250000000001`", "0.8712500000000001`", 
      "0.878125`", "0.8862500000000001`", "0.8956250000000001`", 
      "0.9062500000000001`", "0.9181250000000001`", "0.9312500000000001`", 
      "0.9456250000000002`", "0.96125`", "0.9781250000000001`", 
      "0.9962500000000001`", "1.015625`", "1.0362500000000001`", "1.058125`", 
      "1.08125`", "1.105625`", "1.13125`", "1.158125`", "1.1862500000000002`",
       "1.2156250000000002`", "1.24625`", "1.2781250000000002`", 
      "1.3112500000000002`", "1.345625`", "1.38125`", "1.418125`", 
      "1.4562500000000003`", "1.4956250000000002`", "1.5362500000000003`", 
      "1.5781250000000002`", "1.62125`", "1.6656250000000001`", 
      "1.7112500000000002`", "1.7581250000000002`", "1.8062500000000004`", 
      "1.855625`"},
     {"0.9025000000000001`", "0.9031250000000001`", "0.905`", 
      "0.9081250000000001`", "0.9125000000000001`", "0.9181250000000001`", 
      "0.925`", "0.9331250000000001`", "0.9425000000000001`", 
      "0.9531250000000001`", "0.9650000000000001`", "0.9781250000000001`", 
      "0.9925000000000002`", "1.0081250000000002`", "1.0250000000000001`", 
      "1.043125`", "1.0625`", "1.0831250000000001`", "1.105`", "1.128125`", 
      "1.1525`", "1.178125`", "1.205`", "1.2331250000000002`", 
      "1.2625000000000002`", "1.293125`", "1.3250000000000002`", 
      "1.3581250000000002`", "1.3925`", "1.428125`", "1.465`", 
      "1.5031250000000003`", "1.5425000000000002`", "1.5831250000000003`", 
      "1.6250000000000002`", "1.668125`", "1.7125000000000001`", 
      "1.7581250000000002`", "1.8050000000000002`", "1.8531250000000004`", 
      "1.9025`"},
     {"0.9506250000000002`", "0.9512500000000002`", "0.9531250000000001`", 
      "0.9562500000000002`", "0.9606250000000002`", "0.9662500000000002`", 
      "0.9731250000000001`", "0.9812500000000002`", "0.9906250000000002`", 
      "1.0012500000000002`", "1.013125`", "1.02625`", "1.0406250000000001`", 
      "1.0562500000000001`", "1.073125`", "1.09125`", "1.1106250000000002`", 
      "1.13125`", "1.1531250000000002`", "1.1762500000000002`", "1.200625`", 
      "1.2262500000000003`", "1.2531250000000003`", "1.2812500000000002`", 
