(* Content-type: application/vnd.wolfram.mathematica *)

(*** Wolfram Notebook File ***)
(* http://www.wolfram.com/nb *)

(* CreatedBy='Mathematica 14.0' *)

(*CacheID: 234*)
(* Internal cache information:
NotebookFileLineBreakTest
NotebookFileLineBreakTest
NotebookDataPosition[       158,          7]
NotebookDataLength[     21594,        434]
NotebookOptionsPosition[     20122,        401]
NotebookOutlinePosition[     20556,        418]
CellTagsIndexPosition[     20513,        415]
WindowFrame->Normal*)

(* Beginning of Notebook Content *)
Notebook[{

Cell[CellGroupData[{
Cell[BoxData[{
 RowBox[{"SetDirectory", "[", 
  RowBox[{"NotebookDirectory", "[", "]"}], "]"}], "\[IndentingNewLine]", 
 RowBox[{
  RowBox[{
   RowBox[{"U", "[", 
    RowBox[{"x_", ",", " ", "y_"}], "]"}], ":=", 
   RowBox[{
    SuperscriptBox["y", "2"], "+", 
    SuperscriptBox["x", "2"]}]}], ";"}], "\[IndentingNewLine]", 
 RowBox[{
  RowBox[{"hx", " ", "=", " ", "0.1"}], ";"}], "\[IndentingNewLine]", 
 RowBox[{
  RowBox[{"hy", " ", "=", " ", "0.1"}], ";"}], "\[IndentingNewLine]", 
 RowBox[{
  RowBox[{"N1", " ", "=", " ", 
   RowBox[{"1", "/", "hx"}]}], ";"}], "\[IndentingNewLine]", 
 RowBox[{
  RowBox[{"N2", " ", "=", " ", 
   RowBox[{"1", "/", "hy"}]}], ";"}], "\[IndentingNewLine]", 
 RowBox[{
  RowBox[{"Sol", " ", "=", " ", 
   RowBox[{"Table", "[", 
    RowBox[{
     RowBox[{"Table", "[", 
      RowBox[{
       RowBox[{"U", "[", 
        RowBox[{
         RowBox[{"i1", "*", "hx"}], ",", " ", 
         RowBox[{"i2", "*", "hy"}]}], "]"}], ",", 
       RowBox[{"{", 
        RowBox[{"i2", ",", "0", ",", "N2"}], "}"}]}], "]"}], ",", 
     RowBox[{"{", 
      RowBox[{"i1", ",", "0", ",", "N1"}], "}"}]}], "]"}]}], ";"}]}], "Input",
 CellChangeTimes->{{3.926135904340954*^9, 3.926136011476784*^9}, {
  3.9261360693924046`*^9, 3.9261360948140125`*^9}, {3.9261411242609024`*^9, 
  3.926141126266643*^9}, {3.926141163514263*^9, 3.926141173856714*^9}, {
  3.9263125597886143`*^9, 3.926312560615572*^9}, {3.926320485112816*^9, 
  3.9263204877837048`*^9}, {3.926320592537277*^9, 3.926320593328811*^9}, {
  3.926320782306067*^9, 3.926320783200266*^9}, {3.926321461152908*^9, 
  3.926321461928116*^9}, {3.926322180818283*^9, 3.926322185656315*^9}, {
  3.9263228103771877`*^9, 3.926322810833103*^9}, {3.926322861456471*^9, 
  3.92632286424057*^9}, {3.926514187436493*^9, 3.926514188331213*^9}, {
  3.926514789719818*^9, 3.92651479430558*^9}, {3.926515229706684*^9, 
  3.92651523045846*^9}, {3.9265153977872562`*^9, 3.926515400811064*^9}, {
  3.9265157102350197`*^9, 3.926515711042464*^9}},
 CellLabel->"In[24]:=",ExpressionUUID->"e9c1b22a-84cf-e746-baf7-fdab736211ea"],

Cell[BoxData["\<\"D:\\\\BMSTU\\\\3 COURSE\\\\6th term\\\\Numeric \
Methods\\\\Numerical_Methods_LAB4\\\\Programms\\\\Code\"\>"], "Output",
 CellChangeTimes->{{3.9261359971811657`*^9, 3.926136011875273*^9}, 
   3.9261360960701637`*^9, 3.9261364322014046`*^9, {3.926136477258936*^9, 
   3.926136552222915*^9}, 3.926137536990307*^9, {3.926137573662525*^9, 
   3.926137598791937*^9}, 3.926138384401018*^9, 3.926138700026516*^9, {
   3.92613933324798*^9, 3.9261393545331764`*^9}, 3.9261394402420616`*^9, {
   3.9261410613587475`*^9, 3.926141082789532*^9}, 3.92614113154788*^9, {
   3.926141167685608*^9, 3.926141177414362*^9}, 3.9263124823633575`*^9, {
   3.92631254274662*^9, 3.926312562575468*^9}, {3.926320478446179*^9, 
   3.926320501381132*^9}, {3.926320580602148*^9, 3.9263206026471786`*^9}, 
   3.926320642732456*^9, 3.926320677152718*^9, 3.926320786159703*^9, 
   3.92632131862102*^9, 3.926321463438135*^9, 3.9263221877368984`*^9, 
   3.9263223340122147`*^9, 3.926322434259558*^9, 3.92632258884054*^9, 
   3.92632261994738*^9, 3.9263226611168156`*^9, 3.926322811372519*^9, {
   3.9263228650948944`*^9, 3.92632289298884*^9}, 3.9265141900933666`*^9, 
   3.926514794763312*^9, 3.926515346297268*^9, 3.926515401195791*^9, 
   3.926515712435734*^9, 3.926567233898613*^9, 3.926567355393711*^9},
 CellLabel->"Out[24]=",ExpressionUUID->"e2e040cb-03a8-5e47-a7c3-89a06eff8a19"]
}, Open  ]],

Cell[CellGroupData[{

Cell[BoxData[
 RowBox[{"MatrixForm", "@", "Sol"}]], "Input",
 CellChangeTimes->{{3.926136000582344*^9, 3.92613601666667*^9}},
 CellLabel->"In[31]:=",ExpressionUUID->"8fcbb4bf-895f-c54b-89e7-571dff39ec24"],

Cell[BoxData[
 TagBox[
  RowBox[{"(", "\[NoBreak]", GridBox[{
     {"0.`", "0.010000000000000002`", "0.04000000000000001`", 
      "0.09000000000000002`", "0.16000000000000003`", "0.25`", 
      "0.3600000000000001`", "0.4900000000000001`", "0.6400000000000001`", 
      "0.81`", "1.`"},
     {"0.010000000000000002`", "0.020000000000000004`", 
      "0.05000000000000001`", "0.10000000000000003`", "0.17000000000000004`", 
      "0.26`", "0.3700000000000001`", "0.5000000000000001`", 
      "0.6500000000000001`", "0.8200000000000001`", "1.01`"},
     {"0.04000000000000001`", "0.05000000000000001`", "0.08000000000000002`", 
      "0.13000000000000003`", "0.20000000000000004`", "0.29000000000000004`", 
      "0.40000000000000013`", "0.5300000000000001`", "0.6800000000000002`", 
      "0.8500000000000001`", "1.04`"},
     {"0.09000000000000002`", "0.10000000000000003`", "0.13000000000000003`", 
      "0.18000000000000005`", "0.25000000000000006`", "0.34`", 
      "0.4500000000000001`", "0.5800000000000001`", "0.7300000000000002`", 
      "0.9000000000000001`", "1.09`"},
     {"0.16000000000000003`", "0.17000000000000004`", "0.20000000000000004`", 
      "0.25000000000000006`", "0.32000000000000006`", "0.41000000000000003`", 
      "0.5200000000000001`", "0.6500000000000001`", "0.8000000000000002`", 
      "0.9700000000000001`", "1.1600000000000001`"},
     {"0.25`", "0.26`", "0.29000000000000004`", "0.34`", 
      "0.41000000000000003`", "0.5`", "0.6100000000000001`", 
      "0.7400000000000001`", "0.8900000000000001`", "1.06`", "1.25`"},
     {"0.3600000000000001`", "0.3700000000000001`", "0.40000000000000013`", 
      "0.4500000000000001`", "0.5200000000000001`", "0.6100000000000001`", 
      "0.7200000000000002`", "0.8500000000000002`", "1.0000000000000002`", 
      "1.1700000000000002`", "1.36`"},
     {"0.4900000000000001`", "0.5000000000000001`", "0.5300000000000001`", 
      "0.5800000000000001`", "0.6500000000000001`", "0.7400000000000001`", 
      "0.8500000000000002`", "0.9800000000000002`", "1.1300000000000003`", 
      "1.3000000000000003`", "1.4900000000000002`"},
     {"0.6400000000000001`", "0.6500000000000001`", "0.6800000000000002`", 
      "0.7300000000000002`", "0.8000000000000002`", "0.8900000000000001`", 
      "1.0000000000000002`", "1.1300000000000003`", "1.2800000000000002`", 
      "1.4500000000000002`", "1.6400000000000001`"},
     {"0.81`", "0.8200000000000001`", "0.8500000000000001`", 
      "0.9000000000000001`", "0.9700000000000001`", "1.06`", 
      "1.1700000000000002`", "1.3000000000000003`", "1.4500000000000002`", 
      "1.62`", "1.81`"},
     {"1.`", "1.01`", "1.04`", "1.09`", "1.1600000000000001`", "1.25`", 
      "1.36`", "1.4900000000000002`", "1.6400000000000001`", "1.81`", "2.`"}
    },
    GridBoxAlignment->{"Columns" -> {{Center}}, "Rows" -> {{Baseline}}},
    GridBoxSpacings->{"Columns" -> {
        Offset[0.27999999999999997`], {
         Offset[0.7]}, 
        Offset[0.27999999999999997`]}, "Rows" -> {
        Offset[0.2], {
         Offset[0.4]}, 
        Offset[0.2]}}], "\[NoBreak]", ")"}],
  Function[BoxForm`e$, 
   MatrixForm[BoxForm`e$]]]], "Output",
 CellChangeTimes->{{3.926136006449356*^9, 3.926136017106573*^9}, 
   3.926136432277235*^9, {3.926136477370636*^9, 3.926136552298744*^9}, 
   3.92613753706583*^9, {3.926137573750288*^9, 3.926137598897694*^9}, 
   3.9261383845077*^9, 3.926138700091339*^9, {3.926139333308842*^9, 
   3.9261393545910244`*^9}, 3.926139440354784*^9, {3.926141061415594*^9, 
   3.9261410828443832`*^9}, 3.926141131676533*^9, {3.926141168479166*^9, 
   3.926141177779415*^9}, 3.926312483472799*^9, {3.9263125431695976`*^9, 
   3.9263125627101097`*^9}, 3.9263205034286003`*^9, {3.9263205806310654`*^9, 
   3.926320602717018*^9}, 3.926320642774348*^9, 3.926320677196633*^9, 
   3.926320788498722*^9, 3.926321318652972*^9, 3.9263214645730705`*^9, 
   3.9263221889191704`*^9, 3.926322335744716*^9, 3.926322434292501*^9, 
   3.9263225889023743`*^9, 3.926322620012209*^9, 3.926322661146767*^9, 
   3.926322812528761*^9, {3.926322866520558*^9, 3.926322893033716*^9}, 
   3.926514192349109*^9, 3.9265147959587345`*^9, 3.926515348346195*^9, 
   3.926515404279451*^9, 3.9265157146054*^9, 3.926567235512108*^9, 
   3.9265673563454723`*^9},
 CellLabel->
  "Out[31]//MatrixForm=",ExpressionUUID->"f03b380b-bd5f-724b-bb1e-\
bd3aff41ca3a"]
}, Open  ]],

Cell[BoxData[
 RowBox[{
  RowBox[{"imprt", " ", "=", " ", 
   RowBox[{"Import", "[", 
    RowBox[{
    "\"\<D:\\\\BMSTU\\\\3 COURSE\\\\6th term\\\\Numeric \
Methods\\\\Numerical_Methods_LAB4\\\\Programms\\\\Code\\\\OutputData\\\\Test3.\
txt\>\"", ",", "\"\<Table\>\""}], "]"}]}], ";"}]], "Input",
 CellChangeTimes->{{3.9261361000533314`*^9, 3.926136229304125*^9}, {
   3.9261362890227*^9, 3.9261362966502647`*^9}, 3.9263205198235226`*^9},
 CellLabel->"In[76]:=",ExpressionUUID->"8b860e35-9bfb-734c-a8bd-e40fcf27b263"],

Cell[CellGroupData[{

Cell[BoxData[{
 RowBox[{
  RowBox[{"NumSol", " ", "=", " ", 
   RowBox[{"Table", "[", 
    RowBox[{
     RowBox[{"imprt", "[", 
      RowBox[{"[", "i", "]"}], "]"}], ",", 
     RowBox[{"{", 
      RowBox[{"i", ",", 
       RowBox[{
        RowBox[{"Length", "[", "imprt", "]"}], "-", "N1"}], ",", " ", 
       RowBox[{"Length", "[", "imprt", "]"}]}], "}"}]}], "]"}]}], 
  ";"}], "\[IndentingNewLine]", 
 RowBox[{"MatrixForm", "@", "NumSol"}], "\[IndentingNewLine]", 
 RowBox[{"MatrixForm", "@", 
  RowBox[{"(", 
   RowBox[{"NumSol", "-", "Sol"}], ")"}]}]}], "Input",
 CellChangeTimes->{{3.9261363000455284`*^9, 3.926136341051519*^9}, 
   3.9261375483808208`*^9, {3.926138710772745*^9, 3.926138717957104*^9}, {
   3.9263230458382683`*^9, 3.9263230488332253`*^9}, 3.926514277867844*^9, {
   3.926515357789295*^9, 3.926515380922226*^9}, {3.926515412162201*^9, 
   3.92651541281019*^9}, {3.926516124930795*^9, 3.926516132751705*^9}},
 CellLabel->"In[77]:=",ExpressionUUID->"bb344691-c5a7-6c48-abcc-bc92251b7f01"],

Cell[BoxData[
 TagBox[
  RowBox[{"(", "\[NoBreak]", GridBox[{
     {"1", "1.003651592266751`", "1.197095099648354`", "1.33867728258552`", 
      "1.44940171305061`", "1.551167769553357`", "1.649413079330757`", 
      "1.738711439797965`", "1.797148502304875`", "1.803659462493491`", "2"},
     {"0.01`", "0.7682334283759423`", "1.144078200121196`", 
      "1.338690098800228`", "1.464050163950718`", "1.568601177156785`", 
      "1.664064032886468`", "1.738724141594328`", "1.744121583108649`", 
      "1.568243079215437`", "1.01`"},
     {"0.04000000000000001`", "0.7202255077780155`", "1.124312090656298`", 
      "1.337173419974667`", "1.468738268479819`", "1.574547607793866`", 
      "1.668754662930836`", "1.737211799790118`", "1.724357986687527`", 
      "1.52023496001172`", "1.04`"},
     {"0.09000000000000002`", "0.7298397507735511`", "1.125510842050514`", 
      "1.338247498407928`", "1.470302017237773`", "1.576258208073646`", 
      "1.670319005014591`", "1.738286957211169`", "1.725557530528476`", 
      "1.529849208257441`", "1.09`"},
     {"0.16`", "0.7603815426708579`", "1.135651448205978`", 
      "1.341137099135514`", "1.471244423726323`", "1.576852385073063`", 
      "1.671260590110335`", "1.741174661128458`", "1.735696031150457`", 
      "1.56039104764829`", "1.16`"},
     {"0.25`", "0.8028090866611919`", "1.150530203179116`", 
      "1.345283064680028`", "1.47230917780814`", "1.577342132457041`", 
      "1.672323767148513`", "1.745317062710054`", "1.750570934344203`", 
      "1.602818674478904`", "1.25`"},
     {"0.36`", "0.8554835937195804`", "1.169494856737563`", 
      "1.350937611882699`", "1.474104305938698`", "1.578412426614625`", 
      "1.674116863006188`", "1.750967052034647`", "1.769530773368633`", 
      "1.655493542046431`", "1.36`"},
     {"0.4899999999999999`", "0.9194978935369987`", "1.194452926772252`", 
      "1.360387131192679`", "1.479038249358861`", "1.582496104848292`", 
      "1.679048474694769`", "1.76041146840451`", "1.794483925250565`", 
      "1.719509429162309`", "1.49`"},
     {"0.6399999999999999`", "1.001033421494887`", "1.234261361008732`", 
      "1.383294757796422`", "1.496964354491592`", "1.599477790736568`", 
      "1.696972192950962`", "1.78331430845947`", "1.834289442857129`", 
      "1.80105073351118`", "1.64`"},
     {"0.8099999999999998`", "1.121681560907766`", "1.317699747404018`", 
      "1.450278186823291`", "1.558894714119731`", "1.660431263647822`", 
      "1.758900552345834`", "1.850294922964095`", "1.917731349442768`", 
      "1.921715887486879`", "1.81`"},
     {"1", "1.339680508625357`", "1.510361541197248`", "1.628137940030391`", 
      "1.731887713403742`", "1.832460254075138`", "1.931892274073546`", 
      "2.028155347968954`", "2.110408796344639`", "2.139757566124136`", "2"}
    },
    GridBoxAlignment->{"Columns" -> {{Center}}, "Rows" -> {{Baseline}}},
    GridBoxSpacings->{"Columns" -> {
        Offset[0.27999999999999997`], {
         Offset[0.7]}, 
        Offset[0.27999999999999997`]}, "Rows" -> {
        Offset[0.2], {
         Offset[0.4]}, 
        Offset[0.2]}}], "\[NoBreak]", ")"}],
  Function[BoxForm`e$, 
   MatrixForm[BoxForm`e$]]]], "Output",
 CellChangeTimes->{
  3.926514278315541*^9, {3.926515366902792*^9, 3.9265153815789757`*^9}, 
   3.9265154134328327`*^9, 3.926515723175485*^9, {3.9265158788400598`*^9, 
   3.9265158811862965`*^9}, 3.92651603642132*^9, {3.926516114415409*^9, 
   3.926516133199707*^9}, {3.9265163956181183`*^9, 3.9265164253843384`*^9}, {
   3.9265164649605713`*^9, 3.9265165212856007`*^9}, 3.926516553030887*^9, 
   3.926519322808845*^9, 3.926519389671686*^9, 3.9265672498057995`*^9, 
   3.926567406516363*^9, {3.9265676267928944`*^9, 3.9265676835839863`*^9}, {
   3.926567742690529*^9, 3.9265678034092026`*^9}, 3.9265679089619026`*^9, 
   3.926567950778023*^9, 3.9265679893341064`*^9},
 CellLabel->
  "Out[78]//MatrixForm=",ExpressionUUID->"f0afcc45-8858-fa42-9162-\
fd0320ff26f6"],

Cell[BoxData[
 TagBox[
  RowBox[{"(", "\[NoBreak]", GridBox[{
     {"1.`", "0.993651592266751`", "1.157095099648354`", "1.24867728258552`", 
      "1.28940171305061`", "1.301167769553357`", "1.289413079330757`", 
      "1.2487114397979648`", "1.1571485023048749`", "0.9936594624934909`", 
      "1.`"},
     {
      RowBox[{"-", "1.734723475976807`*^-18"}], "0.7482334283759423`", 
      "1.094078200121196`", "1.2386900988002278`", "1.2940501639507178`", 
      "1.308601177156785`", "1.2940640328864679`", "1.2387241415943278`", 
      "1.0941215831086488`", "0.7482430792154369`", "0.`"},
     {"0.`", "0.6702255077780155`", "1.044312090656298`", 
      "1.2071734199746669`", "1.268738268479819`", "1.284547607793866`", 
      "1.268754662930836`", "1.2072117997901177`", "1.0443579866875268`", 
      "0.6702349600117199`", "0.`"},
     {"0.`", "0.6298397507735511`", "0.995510842050514`", 
      "1.158247498407928`", "1.220302017237773`", "1.236258208073646`", 
      "1.220319005014591`", "1.158286957211169`", "0.9955575305284758`", 
      "0.629849208257441`", "0.`"},
     {
      RowBox[{"-", "2.7755575615628914`*^-17"}], "0.5903815426708579`", 
      "0.935651448205978`", "1.091137099135514`", "1.1512444237263229`", 
      "1.1668523850730628`", "1.151260590110335`", "1.0911746611284578`", 
      "0.9356960311504569`", "0.59039104764829`", 
      RowBox[{"-", "2.220446049250313`*^-16"}]},
     {"0.`", "0.5428090866611919`", "0.860530203179116`", 
      "1.005283064680028`", "1.0623091778081402`", "1.077342132457041`", 
      "1.0623237671485128`", "1.0053170627100538`", "0.860570934344203`", 
      "0.5428186744789039`", "0.`"},
     {
      RowBox[{"-", "1.1102230246251565`*^-16"}], "0.4854835937195803`", 
      "0.7694948567375628`", "0.9009376118826988`", "0.9541043059386979`", 
      "0.968412426614625`", "0.9541168630061878`", "0.9009670520346468`", 
      "0.7695307733686327`", "0.4854935420464308`", "0.`"},
     {
      RowBox[{"-", "2.220446049250313`*^-16"}], "0.4194978935369986`", 
      "0.6644529267722518`", "0.7803871311926789`", "0.8290382493588608`", 
      "0.8424961048482918`", "0.8290484746947687`", "0.7804114684045098`", 
      "0.6644839252505648`", "0.4195094291623087`", 
      RowBox[{"-", "2.220446049250313`*^-16"}]},
     {
      RowBox[{"-", "2.220446049250313`*^-16"}], "0.3510334214948869`", 
      "0.5542613610087319`", "0.6532947577964219`", "0.6969643544915919`", 
      "0.7094777907365679`", "0.6969721929509618`", "0.6533143084594697`", 
      "0.5542894428571288`", "0.3510507335111799`", 
      RowBox[{"-", "2.220446049250313`*^-16"}]},
     {
      RowBox[{"-", "2.220446049250313`*^-16"}], "0.3016815609077659`", 
      "0.4676997474040179`", "0.5502781868232909`", "0.5888947141197308`", 
      "0.600431263647822`", "0.5889005523458339`", "0.5502949229640948`", 
      "0.46773134944276773`", "0.30171588748687883`", "0.`"},
     {"0.`", "0.3296805086253569`", "0.47036154119724793`", 
      "0.538137940030391`", "0.5718877134037419`", "0.582460254075138`", 
      "0.5718922740735459`", "0.5381553479689538`", "0.47040879634463906`", 
      "0.32975756612413587`", "0.`"}
    },
    GridBoxAlignment->{"Columns" -> {{Center}}, "Rows" -> {{Baseline}}},
    GridBoxSpacings->{"Columns" -> {
        Offset[0.27999999999999997`], {
         Offset[0.7]}, 
        Offset[0.27999999999999997`]}, "Rows" -> {
        Offset[0.2], {
         Offset[0.4]}, 
        Offset[0.2]}}], "\[NoBreak]", ")"}],
  Function[BoxForm`e$, 
   MatrixForm[BoxForm`e$]]]], "Output",
 CellChangeTimes->{
  3.926514278315541*^9, {3.926515366902792*^9, 3.9265153815789757`*^9}, 
   3.9265154134328327`*^9, 3.926515723175485*^9, {3.9265158788400598`*^9, 
   3.9265158811862965`*^9}, 3.92651603642132*^9, {3.926516114415409*^9, 
   3.926516133199707*^9}, {3.9265163956181183`*^9, 3.9265164253843384`*^9}, {
   3.9265164649605713`*^9, 3.9265165212856007`*^9}, 3.926516553030887*^9, 
   3.926519322808845*^9, 3.926519389671686*^9, 3.9265672498057995`*^9, 
   3.926567406516363*^9, {3.9265676267928944`*^9, 3.9265676835839863`*^9}, {
   3.926567742690529*^9, 3.9265678034092026`*^9}, 3.9265679089619026`*^9, 
   3.926567950778023*^9, 3.926567989344078*^9},
 CellLabel->
  "Out[79]//MatrixForm=",ExpressionUUID->"9b89c365-8ddf-4546-87e4-\
0a2a23ca8c7e"]
}, Open  ]],

Cell[CellGroupData[{

Cell[BoxData[""], "Input",
 CellChangeTimes->{{3.926136344708164*^9, 3.926136349164276*^9}, {
  3.926139454132784*^9, 3.926139458529724*^9}, {3.926323055784872*^9, 
  3.926323104876177*^9}},ExpressionUUID->"ddcdce97-eba5-974c-b031-\
6578bb15840d"],

Cell[BoxData["2.220446049250313`*^-16"], "Output",
 CellChangeTimes->{
  3.926136349513067*^9, 3.926136433652943*^9, {3.9261364787206306`*^9, 
   3.926136553609236*^9}, 3.926137538363064*^9, {3.926137575004656*^9, 
   3.926137600204885*^9}, 3.926138385464672*^9, 3.926138701026493*^9, {
   3.926139334667774*^9, 3.9261393559655*^9}, {3.926139441701609*^9, 
   3.926139458897112*^9}, {3.9261410619013615`*^9, 3.926141083268656*^9}, 
   3.926141132831167*^9, {3.92614116942016*^9, 3.926141178516447*^9}, 
   3.926312484735384*^9, {3.9263125451062355`*^9, 3.926312562812868*^9}, 
   3.92632054658922*^9, {3.926320581827362*^9, 3.9263206060378876`*^9}, 
   3.9263206457967796`*^9, 3.9263206803497944`*^9, 3.9263208160443974`*^9, 
   3.9263213198650246`*^9, 3.926321471092655*^9, 3.9263222482304516`*^9, 
   3.9263223117485027`*^9, 3.9263223434853477`*^9, 3.9263224351516094`*^9, 
   3.926322589999735*^9, 3.926322627816492*^9, 3.926322661290352*^9, 
   3.9263228263120766`*^9, 3.926322909411108*^9, {3.926323058154356*^9, 
   3.9263230790745964`*^9}},
 CellLabel->
  "Out[219]=",ExpressionUUID->"2233416e-09e7-c743-ae04-cafab45287ce"]
}, Open  ]],

Cell[BoxData[
 RowBox[{
  RowBox[{"(*", 
   RowBox[{"--", 
    RowBox[{"--", "-"}]}], "*)"}], "\[IndentingNewLine]"}]], "Input",
 CellChangeTimes->{{3.926518817312319*^9, 
  3.9265188215036163`*^9}},ExpressionUUID->"eb6ea826-db9a-6345-959e-\
0b879550e778"]
},
WindowSize->{1428, 735.75},
WindowMargins->{{0, Automatic}, {Automatic, 0}},
Magnification:>1.2 Inherited,
FrontEndVersion->"14.0 for Microsoft Windows (64-bit) (December 12, 2023)",
StyleDefinitions->"Default.nb",
ExpressionUUID->"0ffae45f-36b4-d845-92dd-b3cf860a8263"
]
(* End of Notebook Content *)

(* Internal cache information *)
(*CellTagsOutline
CellTagsIndex->{}
*)
(*CellTagsIndex
CellTagsIndex->{}
*)
(*NotebookFileOutline
Notebook[{
Cell[CellGroupData[{
Cell[580, 22, 2074, 46, 171, "Input",ExpressionUUID->"e9c1b22a-84cf-e746-baf7-fdab736211ea"],
Cell[2657, 70, 1370, 18, 38, "Output",ExpressionUUID->"e2e040cb-03a8-5e47-a7c3-89a06eff8a19"]
}, Open  ]],
Cell[CellGroupData[{
Cell[4064, 93, 204, 3, 33, "Input",ExpressionUUID->"8fcbb4bf-895f-c54b-89e7-571dff39ec24"],
Cell[4271, 98, 4351, 73, 254, "Output",ExpressionUUID->"f03b380b-bd5f-724b-bb1e-bd3aff41ca3a"]
}, Open  ]],
Cell[8637, 174, 517, 10, 33, "Input",ExpressionUUID->"8b860e35-9bfb-734c-a8bd-e40fcf27b263"],
Cell[CellGroupData[{
Cell[9179, 188, 1008, 22, 80, "Input",ExpressionUUID->"bb344691-c5a7-6c48-abcc-bc92251b7f01"],
Cell[10190, 212, 3937, 68, 254, "Output",ExpressionUUID->"f0afcc45-8858-fa42-9162-fd0320ff26f6"],
Cell[14130, 282, 4300, 79, 316, "Output",ExpressionUUID->"9b89c365-8ddf-4546-87e4-0a2a23ca8c7e"]
}, Open  ]],
Cell[CellGroupData[{
Cell[18467, 366, 247, 4, 33, "Input",ExpressionUUID->"ddcdce97-eba5-974c-b031-6578bb15840d"],
Cell[18717, 372, 1130, 17, 38, "Output",ExpressionUUID->"2233416e-09e7-c743-ae04-cafab45287ce"]
}, Open  ]],
Cell[19862, 392, 256, 7, 57, "Input",ExpressionUUID->"eb6ea826-db9a-6345-959e-0b879550e778"]
}
]
*)

